0   10.673   10.992   6.581   0.004   -0.000   1.000
6   14.338   12.437   5.940   -0.002   -0.000   1.000
7   5.312   20.839   9.591   -0.216   -0.953   0.213
71   4.790   21.393   7.923   0.976   -0.063   0.211
72   4.599   20.485   9.189   -0.938   -0.085   0.337
8   16.076   24.844   12.173   0.994   -0.053   -0.099
214   16.834   27.247   17.128   0.142   -0.022   0.990
9   17.513   20.422   20.464   0.071   0.003   0.997
14   18.803   21.121   14.924   0.995   0.010   -0.097
10   14.877   25.649   8.210   -0.006   1.000   -0.010
13   13.762   19.297   14.291   -0.995   -0.007   0.097
194   16.984   21.669   17.913   0.034   0.017   0.999
11   17.189   14.142   19.970   -0.061   0.997   -0.047
24   14.599   16.622   21.113   0.166   0.140   0.976
18   15.182   11.881   19.873   -0.968   -0.040   0.248
12   11.669   18.317   12.259   -0.512   0.857   0.050
16   16.892   12.460   9.093   0.569   -0.821   -0.045
19   18.278   13.161   11.796   -0.972   -0.036   0.232
151   18.912   18.068   17.589   0.024   0.023   0.999
17   16.559   13.222   21.157   -0.973   -0.023   0.231
156   15.946   12.104   12.857   0.036   -0.999   0.009
219   17.916   11.758   19.393   0.241   0.036   0.970
22   18.399   12.292   22.447   0.242   0.034   0.970
21   16.911   9.968   12.448   0.025   -0.999   0.021
20   13.098   19.324   8.513   0.001   1.000   -0.007
195   23.494   20.718   10.623   0.483   -0.239   0.842
30   24.239   26.714   9.874   0.844   0.471   0.255
65   30.974   5.457   7.022   -0.974   -0.203   0.103
54   24.979   -0.394   8.320   0.208   -0.886   0.414
37   17.062   7.986   7.995   0.093   0.299   0.950
43   28.436   11.800   3.184   -0.617   -0.704   0.351
45   24.916   16.178   2.253   -0.127   0.022   0.992
258   27.092   16.086   2.448   -0.299   -0.080   0.951
49   9.537   26.919   11.636   0.083   0.996   -0.023
209   9.098   18.293   13.794   -0.535   -0.107   0.838
50   4.527   13.163   9.865   0.784   -0.085   0.614
69   4.160   14.433   9.424   0.948   -0.145   0.285
52   4.792   7.283   10.025   -0.209   0.263   0.942
53   4.426   5.025   10.507   -0.447   0.066   0.892
198   17.409   5.221   8.295   0.008   0.306   0.952
56   21.178   -0.707   8.000   0.153   -0.898   0.414
191   21.416   3.300   9.608   -0.120   0.147   0.982
58   13.875   3.213   8.542   -0.995   0.013   0.099
59   12.506   -0.344   8.883   -0.898   0.420   0.131
60   8.203   -0.260   8.761   0.103   -0.970   0.220
211   9.000   8.325   9.389   0.079   0.135   0.988
61   6.809   0.121   8.899   0.093   -0.982   0.162
62   28.278   22.584   5.258   -0.988   -0.090   0.127
63   22.551   18.615   8.901   0.356   0.917   0.181
64   24.519   12.198   6.984   0.160   0.986   0.050
86   20.841   10.014   6.805   -0.002   0.017   1.000
83   26.735   12.245   5.721   0.969   0.004   0.248
301   8.700   18.841   11.128   -0.512   0.002   0.859
74   6.209   26.197   7.589   0.036   0.995   0.090
68   3.079   5.469   8.889   -0.999   0.023   0.023
67   10.874   12.580   7.890   0.008   0.124   0.992
343   8.683   4.804   9.130   -0.028   0.104   0.994
70   4.015   16.128   8.552   -0.636   0.768   0.075
612   5.689   25.673   5.585   -0.001   0.998   -0.060
240   3.872   -0.717   8.222   0.408   -0.913   0.028
231   15.436   2.775   8.573   0.075   0.076   0.994
193   14.348   16.106   7.937   0.032   0.127   0.991
188   24.810   5.735   7.689   0.217   0.085   0.972
79   24.557   23.091   8.739   0.411   0.037   0.911
80   24.015   26.222   8.061   0.157   0.983   0.094
223   20.232   20.389   9.330   0.307   0.023   0.951
78   23.412   26.275   7.998   -0.857   0.021   0.515
348   15.729   20.540   14.175   0.046   0.019   0.999
201   19.036   25.216   13.440   -0.977   -0.108   0.186
81   18.793   23.437   11.879   -0.989   0.037   0.141
337   24.124   15.730   8.140   0.423   -0.036   0.906
336   23.011   20.265   9.291   0.415   -0.062   0.908
196   25.378   21.601   9.164   0.488   -0.249   0.836
501   25.052   21.108   7.705   0.237   -0.051   0.970
82   24.914   11.221   6.641   0.562   0.001   0.827
341   27.493   10.551   5.305   -0.972   -0.022   0.233
85   26.511   17.360   3.414   -0.765   0.199   0.613
87   28.573   5.421   5.431   -0.128   -0.231   0.964
89   23.214   -0.672   7.497   0.052   0.972   0.229
226   12.439   11.020   7.430   0.045   0.079   0.996
92   14.446   14.010   17.262   -0.997   -0.052   0.051
300   13.425   17.575   12.549   -0.991   0.045   0.130
224   8.693   22.575   13.529   -0.527   -0.110   0.843
349   14.809   11.051   15.091   0.247   0.062   0.967
225   9.119   10.942   12.304   -0.539   -0.101   0.836
157   15.562   11.549   11.365   -0.970   -0.006   0.245
76   11.962   -1.242   7.940   -0.130   -0.966   0.224
199   25.727   13.153   7.992   0.329   -0.087   0.940
354   26.676   8.732   3.882   1.000   -0.003   -0.011
204   21.977   11.176   7.287   0.160   0.121   0.980
206   22.159   13.078   8.909   0.330   -0.116   0.937
717   25.216   9.246   5.753   0.989   -0.016   0.147
203   19.868   9.855   7.732   0.787   -0.598   0.154
218   17.884   8.999   9.702   0.021   -0.978   0.207
492   15.608   18.762   10.258   0.089   -0.011   0.996
491   7.702   14.132   8.431   -0.211   0.039   0.977
288   19.964   17.056   8.710   0.042   -0.080   0.996
263   9.435   2.032   7.873   0.030   -0.008   1.000
366   17.697   26.477   6.921   0.052   0.998   -0.022
243   7.231   8.531   7.233   -0.006   -0.008   1.000
490   2.691   16.571   7.769   0.206   0.130   0.970
390   16.463   16.857   12.869   0.155   0.547   0.823
487   16.630   25.430   9.728   0.192   0.196   0.962
497   23.038   23.125   8.064   0.332   0.185   0.925
397   26.130   10.875   2.375   -0.102   -0.017   0.995
489   7.941   25.590   7.973   -0.121   0.208   0.971
443   13.080   12.201   5.211   0.014   -1.000   0.010
495   20.843   15.672   8.018   0.003   0.117   0.993
293   18.473   17.551   8.158   0.489   -0.100   0.866
423   17.488   17.001   8.378   -0.932   0.189   0.308
358   9.426   15.419   11.052   -0.514   -0.006   0.857
496   10.260   21.999   9.256   -0.289   0.071   0.955
315   9.288   22.230   8.783   -0.184   0.077   0.980
508   27.979   -0.968   4.538   0.991   0.107   0.087
608   22.145   22.247   7.188   0.009   0.061   0.998
568   22.240   5.319   6.058   -0.059   0.090   0.994
611   22.211   14.375   7.245   0.003   -0.215   0.977
350   17.967   15.467   7.165   0.123   0.115   0.986
485   14.043   3.714   8.228   0.108   0.034   0.994
370   28.509   26.065   2.428   0.094   0.104   0.990
385   13.042   12.409   1.921   -0.000   -0.000   1.000
394   14.904   16.532   11.161   0.150   -0.616   0.774
607   27.045   19.420   2.351   0.429   -0.025   0.903
400   0.514   2.692   7.651   -0.005   0.013   1.000
604   14.054   24.383   7.289   0.063   0.064   0.996
402   17.546   22.961   8.123   -0.912   0.079   0.402
581   12.719   25.829   5.490   -0.069   0.994   -0.088
506   10.651   24.769   7.278   0.266   0.111   0.958
693   14.387   10.067   4.556   0.025   -1.000   -0.010
417   12.745   20.712   8.335   -0.925   -0.040   0.379
553   12.345   22.159   4.846   -0.994   0.053   -0.097
571   17.045   16.839   6.016   -0.433   -0.433   0.791
644   16.270   22.837   2.941   1.000   -0.001   0.028
695   15.139   10.230   3.277   1.000   0.005   0.021
514   18.413   7.031   6.059   0.098   0.029   0.995
641   4.949   20.133   2.708   -1.000   -0.004   -0.018
537   15.587   28.396   2.161   0.008   0.045   0.999
639   12.517   21.975   4.790   -1.000   -0.026   0.009
555   10.193   18.493   3.671   -1.000   0.002   0.011
564   10.823   16.642   3.498   -0.906   -0.180   0.382
688   7.618   15.121   3.687   0.005   1.000   0.023
697   17.697   20.413   4.277   0.001   1.000   0.019
699   15.158   18.313   4.775   0.995   0.061   0.076
684   12.531   28.315   2.939   -0.995   -0.021   -0.097
687   10.067   5.910   4.159   -1.000   -0.023   -0.015
682   13.735   16.712   2.359   0.102   -0.166   0.981
1913   13.596   23.080   0.519   -0.006   -0.040   0.999
643   9.438   11.202   0.536   0.016   -0.003   1.000
1915   17.582   20.357   1.399   -0.026   0.999   0.029
645   19.099   15.119   2.614   -0.004   1.000   0.001
1912   12.484   21.865   1.420   -1.000   0.002   -0.004
691   7.227   23.365   3.608   -0.006   1.000   -0.005
696   20.371   17.610   2.244   1.000   -0.003   -0.016
647   11.193   15.126   0.062   0.003   -0.001   1.000
716   21.149   3.188   5.518   -0.003   0.099   0.995
810   17.957   7.761   0.961   0.007   -0.003   1.000
2121   20.733   3.704   0.520   -0.004   0.030   1.000
